+0.0.0.10 INF <Program.cpp:11> Program: Starting
+0.0.0.10 INF <Program.cpp:62> Program: Initializing
+0.0.0.10 INF <Program.cpp:223> Program: Initializing Window
+0.0.0.78 INF <Program.cpp:84> Program: Loading Resources
+0.0.0.78 INF <ShaderManager.cpp:141> Shader Manager: Load from file "Shaders/flat.fs.glsl"
+0.0.0.78 INF <ShaderManager.cpp:141> Shader Manager: Load from file "Shaders/flat.vs.glsl"
+0.0.0.79 INF <Program.cpp:164> Program: View Matrix:
-0.707107, 0.000000, -0.707107, 0.000000
0.000000, 1.000000, -0.000000, 0.000000
0.707107, -0.000000, -0.707107, 0.000000
-0.000000, -150.000000, 28.284271, 1.000000

+0.0.0.79 INF <Program.cpp:170> Program: Projection Matrix:
1.344443, 0.000000, 0.000000, 0.000000
0.000000, 1.792591, 0.000000, 0.000000
0.000000, 0.000000, -1.000020, -1.000000
0.000000, 0.000000, -0.200002, 0.000000

+0.0.0.79 INF <Program.cpp:176> Program: View/Projection Matrix:
-0.950665, 0.000000, 0.707121, 0.707107
0.000000, 1.792591, 0.000000, 0.000000
0.950665, 0.000000, 0.707121, 0.707107
0.000000, -268.888672, -28.484837, -28.284271

+0.0.0.79 INF <Program.cpp:198> Program: Model Matrix:
10.000000, 0.000000, 0.000000, 0.000000
0.000000, 10.000000, 0.000000, 0.000000
0.000000, 0.000000, 10.000000, 0.000000
0.000000, 0.000000, 0.000000, 1.000000

+0.0.0.79 INF <Program.cpp:206> Program: Model/View/Projection Matrix:
-9.506651, 0.000000, 7.071208, 7.071068
0.000000, 17.925911, 0.000000, 0.000000
9.506651, 0.000000, 7.071208, 7.071068
0.000000, -268.888672, -28.484837, -28.284271

+0.0.0.94 INF <Program.cpp:164> Program: View Matrix:
-0.707107, 0.000000, -0.707107, 0.000000
0.000000, 1.000000, -0.000000, 0.000000
0.707107, -0.000000, -0.707107, 0.000000
-0.000000, -150.000000, 28.284271, 1.000000

+0.0.0.94 INF <Program.cpp:170> Program: Projection Matrix:
1.344443, 0.000000, 0.000000, 0.000000
0.000000, 1.792591, 0.000000, 0.000000
0.000000, 0.000000, -1.000020, -1.000000
0.000000, 0.000000, -0.200002, 0.000000

+0.0.0.94 INF <Program.cpp:176> Program: View/Projection Matrix:
-0.950665, 0.000000, 0.707121, 0.707107
0.000000, 1.792591, 0.000000, 0.000000
0.950665, 0.000000, 0.707121, 0.707107
0.000000, -268.888672, -28.484837, -28.284271

+0.0.0.94 INF <Program.cpp:198> Program: Model Matrix:
10.000000, 0.000000, 0.000000, 0.000000
0.000000, 10.000000, 0.000000, 0.000000
0.000000, 0.000000, 10.000000, 0.000000
0.000000, 0.000000, 0.000000, 1.000000

+0.0.0.94 INF <Program.cpp:206> Program: Model/View/Projection Matrix:
-9.506651, 0.000000, 7.071208, 7.071068
0.000000, 17.925911, 0.000000, 0.000000
9.506651, 0.000000, 7.071208, 7.071068
0.000000, -268.888672, -28.484837, -28.284271

+0.0.0.94 INF <Program.cpp:164> Program: View Matrix:
-0.707107, 0.000000, -0.707107, 0.000000
0.000000, 1.000000, -0.000000, 0.000000
0.707107, -0.000000, -0.707107, 0.000000
-0.000000, -150.000000, 28.284271, 1.000000

+0.0.0.94 INF <Program.cpp:170> Program: Projection Matrix:
1.344443, 0.000000, 0.000000, 0.000000
0.000000, 1.792591, 0.000000, 0.000000
0.000000, 0.000000, -1.000020, -1.000000
0.000000, 0.000000, -0.200002, 0.000000

+0.0.0.94 INF <Program.cpp:176> Program: View/Projection Matrix:
-0.950665, 0.000000, 0.707121, 0.707107
0.000000, 1.792591, 0.000000, 0.000000
0.950665, 0.000000, 0.707121, 0.707107
0.000000, -268.888672, -28.484837, -28.284271

+0.0.0.94 INF <Program.cpp:198> Program: Model Matrix:
10.000000, 0.000000, 0.000000, 0.000000
0.000000, 10.000000, 0.000000, 0.000000
0.000000, 0.000000, 10.000000, 0.000000
0.000000, 0.000000, 0.000000, 1.000000

+0.0.0.94 INF <Program.cpp:206> Program: Model/View/Projection Matrix:
-9.506651, 0.000000, 7.071208, 7.071068
0.000000, 17.925911, 0.000000, 0.000000
9.506651, 0.000000, 7.071208, 7.071068
0.000000, -268.888672, -28.484837, -28.284271

+0.0.0.111 INF <Program.cpp:164> Program: View Matrix:
-0.707107, 0.000000, -0.707107, 0.000000
0.000000, 1.000000, -0.000000, 0.000000
0.707107, -0.000000, -0.707107, 0.000000
-0.000000, -150.000000, 28.284271, 1.000000

+0.0.0.111 INF <Program.cpp:170> Program: Projection Matrix:
1.344443, 0.000000, 0.000000, 0.000000
0.000000, 1.792591, 0.000000, 0.000000
0.000000, 0.000000, -1.000020, -1.000000
0.000000, 0.000000, -0.200002, 0.000000

+0.0.0.111 INF <Program.cpp:176> Program: View/Projection Matrix:
-0.950665, 0.000000, 0.707121, 0.707107
0.000000, 1.792591, 0.000000, 0.000000
0.950665, 0.000000, 0.707121, 0.707107
0.000000, -268.888672, -28.484837, -28.284271

+0.0.0.111 INF <Program.cpp:198> Program: Model Matrix:
10.000000, 0.000000, 0.000000, 0.000000
0.000000, 10.000000, 0.000000, 0.000000
0.000000, 0.000000, 10.000000, 0.000000
0.000000, 0.000000, 0.000000, 1.000000

+0.0.0.111 INF <Program.cpp:206> Program: Model/View/Projection Matrix:
-9.506651, 0.000000, 7.071208, 7.071068
0.000000, 17.925911, 0.000000, 0.000000
9.506651, 0.000000, 7.071208, 7.071068
0.000000, -268.888672, -28.484837, -28.284271

+0.0.0.127 INF <Program.cpp:164> Program: View Matrix:
-0.707107, 0.000000, -0.707107, 0.000000
0.000000, 1.000000, -0.000000, 0.000000
0.707107, -0.000000, -0.707107, 0.000000
-0.000000, -150.000000, 28.284271, 1.000000

+0.0.0.127 INF <Program.cpp:170> Program: Projection Matrix:
1.344443, 0.000000, 0.000000, 0.000000
0.000000, 1.792591, 0.000000, 0.000000
0.000000, 0.000000, -1.000020, -1.000000
0.000000, 0.000000, -0.200002, 0.000000

+0.0.0.127 INF <Program.cpp:176> Program: View/Projection Matrix:
-0.950665, 0.000000, 0.707121, 0.707107
0.000000, 1.792591, 0.000000, 0.000000
0.950665, 0.000000, 0.707121, 0.707107
0.000000, -268.888672, -28.484837, -28.284271

+0.0.0.127 INF <Program.cpp:198> Program: Model Matrix:
10.000000, 0.000000, 0.000000, 0.000000
0.000000, 10.000000, 0.000000, 0.000000
0.000000, 0.000000, 10.000000, 0.000000
0.000000, 0.000000, 0.000000, 1.000000

+0.0.0.127 INF <Program.cpp:206> Program: Model/View/Projection Matrix:
-9.506651, 0.000000, 7.071208, 7.071068
0.000000, 17.925911, 0.000000, 0.000000
9.506651, 0.000000, 7.071208, 7.071068
0.000000, -268.888672, -28.484837, -28.284271

+0.0.0.144 INF <Program.cpp:164> Program: View Matrix:
-0.707107, 0.000000, -0.707107, 0.000000
0.000000, 1.000000, -0.000000, 0.000000
0.707107, -0.000000, -0.707107, 0.000000
-0.000000, -150.000000, 28.284271, 1.000000

+0.0.0.144 INF <Program.cpp:170> Program: Projection Matrix:
1.344443, 0.000000, 0.000000, 0.000000
0.000000, 1.792591, 0.000000, 0.000000
0.000000, 0.000000, -1.000020, -1.000000
0.000000, 0.000000, -0.200002, 0.000000

+0.0.0.144 INF <Program.cpp:176> Program: View/Projection Matrix:
-0.950665, 0.000000, 0.707121, 0.707107
0.000000, 1.792591, 0.000000, 0.000000
0.950665, 0.000000, 0.707121, 0.707107
0.000000, -268.888672, -28.484837, -28.284271

+0.0.0.144 INF <Program.cpp:198> Program: Model Matrix:
10.000000, 0.000000, 0.000000, 0.000000
0.000000, 10.000000, 0.000000, 0.000000
0.000000, 0.000000, 10.000000, 0.000000
0.000000, 0.000000, 0.000000, 1.000000

+0.0.0.144 INF <Program.cpp:206> Program: Model/View/Projection Matrix:
-9.506651, 0.000000, 7.071208, 7.071068
0.000000, 17.925911, 0.000000, 0.000000
9.506651, 0.000000, 7.071208, 7.071068
0.000000, -268.888672, -28.484837, -28.284271

+0.0.0.161 INF <Program.cpp:164> Program: View Matrix:
-0.707107, 0.000000, -0.707107, 0.000000
0.000000, 1.000000, -0.000000, 0.000000
0.707107, -0.000000, -0.707107, 0.000000
-0.000000, -150.000000, 28.284271, 1.000000

+0.0.0.161 INF <Program.cpp:170> Program: Projection Matrix:
1.344443, 0.000000, 0.000000, 0.000000
0.000000, 1.792591, 0.000000, 0.000000
0.000000, 0.000000, -1.000020, -1.000000
0.000000, 0.000000, -0.200002, 0.000000

+0.0.0.161 INF <Program.cpp:176> Program: View/Projection Matrix:
-0.950665, 0.000000, 0.707121, 0.707107
0.000000, 1.792591, 0.000000, 0.000000
0.950665, 0.000000, 0.707121, 0.707107
0.000000, -268.888672, -28.484837, -28.284271

+0.0.0.161 INF <Program.cpp:198> Program: Model Matrix:
10.000000, 0.000000, 0.000000, 0.000000
0.000000, 10.000000, 0.000000, 0.000000
0.000000, 0.000000, 10.000000, 0.000000
0.000000, 0.000000, 0.000000, 1.000000

+0.0.0.161 INF <Program.cpp:206> Program: Model/View/Projection Matrix:
-9.506651, 0.000000, 7.071208, 7.071068
0.000000, 17.925911, 0.000000, 0.000000
9.506651, 0.000000, 7.071208, 7.071068
0.000000, -268.888672, -28.484837, -28.284271

+0.0.0.177 INF <Program.cpp:164> Program: View Matrix:
-0.707107, 0.000000, -0.707107, 0.000000
0.000000, 1.000000, -0.000000, 0.000000
0.707107, -0.000000, -0.707107, 0.000000
-0.000000, -150.000000, 28.284271, 1.000000

+0.0.0.177 INF <Program.cpp:170> Program: Projection Matrix:
1.344443, 0.000000, 0.000000, 0.000000
0.000000, 1.792591, 0.000000, 0.000000
0.000000, 0.000000, -1.000020, -1.000000
0.000000, 0.000000, -0.200002, 0.000000

+0.0.0.177 INF <Program.cpp:176> Program: View/Projection Matrix:
-0.950665, 0.000000, 0.707121, 0.707107
0.000000, 1.792591, 0.000000, 0.000000
0.950665, 0.000000, 0.707121, 0.707107
0.000000, -268.888672, -28.484837, -28.284271

+0.0.0.177 INF <Program.cpp:198> Program: Model Matrix:
10.000000, 0.000000, 0.000000, 0.000000
0.000000, 10.000000, 0.000000, 0.000000
0.000000, 0.000000, 10.000000, 0.000000
0.000000, 0.000000, 0.000000, 1.000000

+0.0.0.177 INF <Program.cpp:206> Program: Model/View/Projection Matrix:
-9.506651, 0.000000, 7.071208, 7.071068
0.000000, 17.925911, 0.000000, 0.000000
9.506651, 0.000000, 7.071208, 7.071068
0.000000, -268.888672, -28.484837, -28.284271

+0.0.0.194 INF <Program.cpp:164> Program: View Matrix:
-0.707107, 0.000000, -0.707107, 0.000000
0.000000, 1.000000, -0.000000, 0.000000
0.707107, -0.000000, -0.707107, 0.000000
-0.000000, -150.000000, 28.284271, 1.000000

+0.0.0.194 INF <Program.cpp:170> Program: Projection Matrix:
1.344443, 0.000000, 0.000000, 0.000000
0.000000, 1.792591, 0.000000, 0.000000
0.000000, 0.000000, -1.000020, -1.000000
0.000000, 0.000000, -0.200002, 0.000000

+0.0.0.194 INF <Program.cpp:176> Program: View/Projection Matrix:
-0.950665, 0.000000, 0.707121, 0.707107
0.000000, 1.792591, 0.000000, 0.000000
0.950665, 0.000000, 0.707121, 0.707107
0.000000, -268.888672, -28.484837, -28.284271

+0.0.0.194 INF <Program.cpp:198> Program: Model Matrix:
10.000000, 0.000000, 0.000000, 0.000000
0.000000, 10.000000, 0.000000, 0.000000
0.000000, 0.000000, 10.000000, 0.000000
0.000000, 0.000000, 0.000000, 1.000000

+0.0.0.194 INF <Program.cpp:206> Program: Model/View/Projection Matrix:
-9.506651, 0.000000, 7.071208, 7.071068
0.000000, 17.925911, 0.000000, 0.000000
9.506651, 0.000000, 7.071208, 7.071068
0.000000, -268.888672, -28.484837, -28.284271

+0.0.0.210 INF <Program.cpp:164> Program: View Matrix:
-0.707107, 0.000000, -0.707107, 0.000000
0.000000, 1.000000, -0.000000, 0.000000
0.707107, -0.000000, -0.707107, 0.000000
-0.000000, -150.000000, 28.284271, 1.000000

+0.0.0.210 INF <Program.cpp:170> Program: Projection Matrix:
1.344443, 0.000000, 0.000000, 0.000000
0.000000, 1.792591, 0.000000, 0.000000
0.000000, 0.000000, -1.000020, -1.000000
0.000000, 0.000000, -0.200002, 0.000000

+0.0.0.210 INF <Program.cpp:176> Program: View/Projection Matrix:
-0.950665, 0.000000, 0.707121, 0.707107
0.000000, 1.792591, 0.000000, 0.000000
0.950665, 0.000000, 0.707121, 0.707107
0.000000, -268.888672, -28.484837, -28.284271

+0.0.0.210 INF <Program.cpp:198> Program: Model Matrix:
10.000000, 0.000000, 0.000000, 0.000000
0.000000, 10.000000, 0.000000, 0.000000
0.000000, 0.000000, 10.000000, 0.000000
0.000000, 0.000000, 0.000000, 1.000000

+0.0.0.211 INF <Program.cpp:206> Program: Model/View/Projection Matrix:
-9.506651, 0.000000, 7.071208, 7.071068
0.000000, 17.925911, 0.000000, 0.000000
9.506651, 0.000000, 7.071208, 7.071068
0.000000, -268.888672, -28.484837, -28.284271

+0.0.0.227 INF <Program.cpp:164> Program: View Matrix:
-0.707107, 0.000000, -0.707107, 0.000000
0.000000, 1.000000, -0.000000, 0.000000
0.707107, -0.000000, -0.707107, 0.000000
-0.000000, -150.000000, 28.284271, 1.000000

+0.0.0.227 INF <Program.cpp:170> Program: Projection Matrix:
1.344443, 0.000000, 0.000000, 0.000000
0.000000, 1.792591, 0.000000, 0.000000
0.000000, 0.000000, -1.000020, -1.000000
0.000000, 0.000000, -0.200002, 0.000000

+0.0.0.227 INF <Program.cpp:176> Program: View/Projection Matrix:
-0.950665, 0.000000, 0.707121, 0.707107
0.000000, 1.792591, 0.000000, 0.000000
0.950665, 0.000000, 0.707121, 0.707107
0.000000, -268.888672, -28.484837, -28.284271

+0.0.0.227 INF <Program.cpp:198> Program: Model Matrix:
10.000000, 0.000000, 0.000000, 0.000000
0.000000, 10.000000, 0.000000, 0.000000
0.000000, 0.000000, 10.000000, 0.000000
0.000000, 0.000000, 0.000000, 1.000000

+0.0.0.227 INF <Program.cpp:206> Program: Model/View/Projection Matrix:
-9.506651, 0.000000, 7.071208, 7.071068
0.000000, 17.925911, 0.000000, 0.000000
9.506651, 0.000000, 7.071208, 7.071068
0.000000, -268.888672, -28.484837, -28.284271

+0.0.0.244 INF <Program.cpp:164> Program: View Matrix:
-0.707107, 0.000000, -0.707107, 0.000000
0.000000, 1.000000, -0.000000, 0.000000
0.707107, -0.000000, -0.707107, 0.000000
-0.000000, -150.000000, 28.284271, 1.000000

+0.0.0.244 INF <Program.cpp:170> Program: Projection Matrix:
1.344443, 0.000000, 0.000000, 0.000000
0.000000, 1.792591, 0.000000, 0.000000
0.000000, 0.000000, -1.000020, -1.000000
0.000000, 0.000000, -0.200002, 0.000000

+0.0.0.244 INF <Program.cpp:176> Program: View/Projection Matrix:
-0.950665, 0.000000, 0.707121, 0.707107
0.000000, 1.792591, 0.000000, 0.000000
0.950665, 0.000000, 0.707121, 0.707107
0.000000, -268.888672, -28.484837, -28.284271

+0.0.0.244 INF <Program.cpp:198> Program: Model Matrix:
10.000000, 0.000000, 0.000000, 0.000000
0.000000, 10.000000, 0.000000, 0.000000
0.000000, 0.000000, 10.000000, 0.000000
0.000000, 0.000000, 0.000000, 1.000000

+0.0.0.244 INF <Program.cpp:206> Program: Model/View/Projection Matrix:
-9.506651, 0.000000, 7.071208, 7.071068
0.000000, 17.925911, 0.000000, 0.000000
9.506651, 0.000000, 7.071208, 7.071068
0.000000, -268.888672, -28.484837, -28.284271

+0.0.0.260 INF <Program.cpp:164> Program: View Matrix:
-0.707107, 0.000000, -0.707107, 0.000000
0.000000, 1.000000, -0.000000, 0.000000
0.707107, -0.000000, -0.707107, 0.000000
-0.000000, -150.000000, 28.284271, 1.000000

+0.0.0.260 INF <Program.cpp:170> Program: Projection Matrix:
1.344443, 0.000000, 0.000000, 0.000000
0.000000, 1.792591, 0.000000, 0.000000
0.000000, 0.000000, -1.000020, -1.000000
0.000000, 0.000000, -0.200002, 0.000000

+0.0.0.260 INF <Program.cpp:176> Program: View/Projection Matrix:
-0.950665, 0.000000, 0.707121, 0.707107
0.000000, 1.792591, 0.000000, 0.000000
0.950665, 0.000000, 0.707121, 0.707107
0.000000, -268.888672, -28.484837, -28.284271

+0.0.0.260 INF <Program.cpp:198> Program: Model Matrix:
10.000000, 0.000000, 0.000000, 0.000000
0.000000, 10.000000, 0.000000, 0.000000
0.000000, 0.000000, 10.000000, 0.000000
0.000000, 0.000000, 0.000000, 1.000000

+0.0.0.260 INF <Program.cpp:206> Program: Model/View/Projection Matrix:
-9.506651, 0.000000, 7.071208, 7.071068
0.000000, 17.925911, 0.000000, 0.000000
9.506651, 0.000000, 7.071208, 7.071068
0.000000, -268.888672, -28.484837, -28.284271

+0.0.0.277 INF <Program.cpp:164> Program: View Matrix:
-0.707107, 0.000000, -0.707107, 0.000000
0.000000, 1.000000, -0.000000, 0.000000
0.707107, -0.000000, -0.707107, 0.000000
-0.000000, -150.000000, 28.284271, 1.000000

+0.0.0.277 INF <Program.cpp:170> Program: Projection Matrix:
1.344443, 0.000000, 0.000000, 0.000000
0.000000, 1.792591, 0.000000, 0.000000
0.000000, 0.000000, -1.000020, -1.000000
0.000000, 0.000000, -0.200002, 0.000000

+0.0.0.277 INF <Program.cpp:176> Program: View/Projection Matrix:
-0.950665, 0.000000, 0.707121, 0.707107
0.000000, 1.792591, 0.000000, 0.000000
0.950665, 0.000000, 0.707121, 0.707107
0.000000, -268.888672, -28.484837, -28.284271

+0.0.0.277 INF <Program.cpp:198> Program: Model Matrix:
10.000000, 0.000000, 0.000000, 0.000000
0.000000, 10.000000, 0.000000, 0.000000
0.000000, 0.000000, 10.000000, 0.000000
0.000000, 0.000000, 0.000000, 1.000000

+0.0.0.277 INF <Program.cpp:206> Program: Model/View/Projection Matrix:
-9.506651, 0.000000, 7.071208, 7.071068
0.000000, 17.925911, 0.000000, 0.000000
9.506651, 0.000000, 7.071208, 7.071068
0.000000, -268.888672, -28.484837, -28.284271

+0.0.0.294 INF <Program.cpp:164> Program: View Matrix:
-0.707107, 0.000000, -0.707107, 0.000000
0.000000, 1.000000, -0.000000, 0.000000
0.707107, -0.000000, -0.707107, 0.000000
-0.000000, -150.000000, 28.284271, 1.000000

+0.0.0.294 INF <Program.cpp:170> Program: Projection Matrix:
1.344443, 0.000000, 0.000000, 0.000000
0.000000, 1.792591, 0.000000, 0.000000
0.000000, 0.000000, -1.000020, -1.000000
0.000000, 0.000000, -0.200002, 0.000000

+0.0.0.294 INF <Program.cpp:176> Program: View/Projection Matrix:
-0.950665, 0.000000, 0.707121, 0.707107
0.000000, 1.792591, 0.000000, 0.000000
0.950665, 0.000000, 0.707121, 0.707107
0.000000, -268.888672, -28.484837, -28.284271

+0.0.0.294 INF <Program.cpp:198> Program: Model Matrix:
10.000000, 0.000000, 0.000000, 0.000000
0.000000, 10.000000, 0.000000, 0.000000
0.000000, 0.000000, 10.000000, 0.000000
0.000000, 0.000000, 0.000000, 1.000000

+0.0.0.294 INF <Program.cpp:206> Program: Model/View/Projection Matrix:
-9.506651, 0.000000, 7.071208, 7.071068
0.000000, 17.925911, 0.000000, 0.000000
9.506651, 0.000000, 7.071208, 7.071068
0.000000, -268.888672, -28.484837, -28.284271

+0.0.0.310 INF <Program.cpp:164> Program: View Matrix:
-0.707107, 0.000000, -0.707107, 0.000000
0.000000, 1.000000, -0.000000, 0.000000
0.707107, -0.000000, -0.707107, 0.000000
-0.000000, -150.000000, 28.284271, 1.000000

+0.0.0.310 INF <Program.cpp:170> Program: Projection Matrix:
1.344443, 0.000000, 0.000000, 0.000000
0.000000, 1.792591, 0.000000, 0.000000
0.000000, 0.000000, -1.000020, -1.000000
0.000000, 0.000000, -0.200002, 0.000000

+0.0.0.310 INF <Program.cpp:176> Program: View/Projection Matrix:
-0.950665, 0.000000, 0.707121, 0.707107
0.000000, 1.792591, 0.000000, 0.000000
0.950665, 0.000000, 0.707121, 0.707107
0.000000, -268.888672, -28.484837, -28.284271

+0.0.0.310 INF <Program.cpp:198> Program: Model Matrix:
10.000000, 0.000000, 0.000000, 0.000000
0.000000, 10.000000, 0.000000, 0.000000
0.000000, 0.000000, 10.000000, 0.000000
0.000000, 0.000000, 0.000000, 1.000000

+0.0.0.310 INF <Program.cpp:206> Program: Model/View/Projection Matrix:
-9.506651, 0.000000, 7.071208, 7.071068
0.000000, 17.925911, 0.000000, 0.000000
9.506651, 0.000000, 7.071208, 7.071068
0.000000, -268.888672, -28.484837, -28.284271

+0.0.0.327 INF <Program.cpp:164> Program: View Matrix:
-0.707107, 0.000000, -0.707107, 0.000000
0.000000, 1.000000, -0.000000, 0.000000
0.707107, -0.000000, -0.707107, 0.000000
-0.000000, -150.000000, 28.284271, 1.000000

+0.0.0.327 INF <Program.cpp:170> Program: Projection Matrix:
1.344443, 0.000000, 0.000000, 0.000000
0.000000, 1.792591, 0.000000, 0.000000
0.000000, 0.000000, -1.000020, -1.000000
0.000000, 0.000000, -0.200002, 0.000000

+0.0.0.327 INF <Program.cpp:176> Program: View/Projection Matrix:
-0.950665, 0.000000, 0.707121, 0.707107
0.000000, 1.792591, 0.000000, 0.000000
0.950665, 0.000000, 0.707121, 0.707107
0.000000, -268.888672, -28.484837, -28.284271

+0.0.0.327 INF <Program.cpp:198> Program: Model Matrix:
10.000000, 0.000000, 0.000000, 0.000000
0.000000, 10.000000, 0.000000, 0.000000
0.000000, 0.000000, 10.000000, 0.000000
0.000000, 0.000000, 0.000000, 1.000000

+0.0.0.327 INF <Program.cpp:206> Program: Model/View/Projection Matrix:
-9.506651, 0.000000, 7.071208, 7.071068
0.000000, 17.925911, 0.000000, 0.000000
9.506651, 0.000000, 7.071208, 7.071068
0.000000, -268.888672, -28.484837, -28.284271

+0.0.0.343 INF <Program.cpp:164> Program: View Matrix:
-0.707107, 0.000000, -0.707107, 0.000000
0.000000, 1.000000, -0.000000, 0.000000
0.707107, -0.000000, -0.707107, 0.000000
-0.000000, -150.000000, 28.284271, 1.000000

+0.0.0.343 INF <Program.cpp:170> Program: Projection Matrix:
1.344443, 0.000000, 0.000000, 0.000000
0.000000, 1.792591, 0.000000, 0.000000
0.000000, 0.000000, -1.000020, -1.000000
0.000000, 0.000000, -0.200002, 0.000000

+0.0.0.343 INF <Program.cpp:176> Program: View/Projection Matrix:
-0.950665, 0.000000, 0.707121, 0.707107
0.000000, 1.792591, 0.000000, 0.000000
0.950665, 0.000000, 0.707121, 0.707107
0.000000, -268.888672, -28.484837, -28.284271

+0.0.0.343 INF <Program.cpp:198> Program: Model Matrix:
10.000000, 0.000000, 0.000000, 0.000000
0.000000, 10.000000, 0.000000, 0.000000
0.000000, 0.000000, 10.000000, 0.000000
0.000000, 0.000000, 0.000000, 1.000000

+0.0.0.343 INF <Program.cpp:206> Program: Model/View/Projection Matrix:
-9.506651, 0.000000, 7.071208, 7.071068
0.000000, 17.925911, 0.000000, 0.000000
9.506651, 0.000000, 7.071208, 7.071068
0.000000, -268.888672, -28.484837, -28.284271

+0.0.0.360 INF <Program.cpp:164> Program: View Matrix:
-0.707107, 0.000000, -0.707107, 0.000000
0.000000, 1.000000, -0.000000, 0.000000
0.707107, -0.000000, -0.707107, 0.000000
-0.000000, -150.000000, 28.284271, 1.000000

+0.0.0.360 INF <Program.cpp:170> Program: Projection Matrix:
1.344443, 0.000000, 0.000000, 0.000000
0.000000, 1.792591, 0.000000, 0.000000
0.000000, 0.000000, -1.000020, -1.000000
0.000000, 0.000000, -0.200002, 0.000000

+0.0.0.360 INF <Program.cpp:176> Program: View/Projection Matrix:
-0.950665, 0.000000, 0.707121, 0.707107
0.000000, 1.792591, 0.000000, 0.000000
0.950665, 0.000000, 0.707121, 0.707107
0.000000, -268.888672, -28.484837, -28.284271

+0.0.0.360 INF <Program.cpp:198> Program: Model Matrix:
10.000000, 0.000000, 0.000000, 0.000000
0.000000, 10.000000, 0.000000, 0.000000
0.000000, 0.000000, 10.000000, 0.000000
0.000000, 0.000000, 0.000000, 1.000000

+0.0.0.360 INF <Program.cpp:206> Program: Model/View/Projection Matrix:
-9.506651, 0.000000, 7.071208, 7.071068
0.000000, 17.925911, 0.000000, 0.000000
9.506651, 0.000000, 7.071208, 7.071068
0.000000, -268.888672, -28.484837, -28.284271

+0.0.0.377 INF <Program.cpp:164> Program: View Matrix:
-0.707107, 0.000000, -0.707107, 0.000000
0.000000, 1.000000, -0.000000, 0.000000
0.707107, -0.000000, -0.707107, 0.000000
-0.000000, -150.000000, 28.284271, 1.000000

+0.0.0.377 INF <Program.cpp:170> Program: Projection Matrix:
1.344443, 0.000000, 0.000000, 0.000000
0.000000, 1.792591, 0.000000, 0.000000
0.000000, 0.000000, -1.000020, -1.000000
0.000000, 0.000000, -0.200002, 0.000000

+0.0.0.377 INF <Program.cpp:176> Program: View/Projection Matrix:
-0.950665, 0.000000, 0.707121, 0.707107
0.000000, 1.792591, 0.000000, 0.000000
0.950665, 0.000000, 0.707121, 0.707107
0.000000, -268.888672, -28.484837, -28.284271

+0.0.0.377 INF <Program.cpp:198> Program: Model Matrix:
10.000000, 0.000000, 0.000000, 0.000000
0.000000, 10.000000, 0.000000, 0.000000
0.000000, 0.000000, 10.000000, 0.000000
0.000000, 0.000000, 0.000000, 1.000000

+0.0.0.377 INF <Program.cpp:206> Program: Model/View/Projection Matrix:
-9.506651, 0.000000, 7.071208, 7.071068
0.000000, 17.925911, 0.000000, 0.000000
9.506651, 0.000000, 7.071208, 7.071068
0.000000, -268.888672, -28.484837, -28.284271

+0.0.0.393 INF <Program.cpp:164> Program: View Matrix:
-0.707107, 0.000000, -0.707107, 0.000000
0.000000, 1.000000, -0.000000, 0.000000
0.707107, -0.000000, -0.707107, 0.000000
-0.000000, -150.000000, 28.284271, 1.000000

+0.0.0.393 INF <Program.cpp:170> Program: Projection Matrix:
1.344443, 0.000000, 0.000000, 0.000000
0.000000, 1.792591, 0.000000, 0.000000
0.000000, 0.000000, -1.000020, -1.000000
0.000000, 0.000000, -0.200002, 0.000000

+0.0.0.393 INF <Program.cpp:176> Program: View/Projection Matrix:
-0.950665, 0.000000, 0.707121, 0.707107
0.000000, 1.792591, 0.000000, 0.000000
0.950665, 0.000000, 0.707121, 0.707107
0.000000, -268.888672, -28.484837, -28.284271

+0.0.0.393 INF <Program.cpp:198> Program: Model Matrix:
10.000000, 0.000000, 0.000000, 0.000000
0.000000, 10.000000, 0.000000, 0.000000
0.000000, 0.000000, 10.000000, 0.000000
0.000000, 0.000000, 0.000000, 1.000000

+0.0.0.393 INF <Program.cpp:206> Program: Model/View/Projection Matrix:
-9.506651, 0.000000, 7.071208, 7.071068
0.000000, 17.925911, 0.000000, 0.000000
9.506651, 0.000000, 7.071208, 7.071068
0.000000, -268.888672, -28.484837, -28.284271

+0.0.0.410 INF <Program.cpp:164> Program: View Matrix:
-0.707107, 0.000000, -0.707107, 0.000000
0.000000, 1.000000, -0.000000, 0.000000
0.707107, -0.000000, -0.707107, 0.000000
-0.000000, -150.000000, 28.284271, 1.000000

+0.0.0.410 INF <Program.cpp:170> Program: Projection Matrix:
1.344443, 0.000000, 0.000000, 0.000000
0.000000, 1.792591, 0.000000, 0.000000
0.000000, 0.000000, -1.000020, -1.000000
0.000000, 0.000000, -0.200002, 0.000000

+0.0.0.410 INF <Program.cpp:176> Program: View/Projection Matrix:
-0.950665, 0.000000, 0.707121, 0.707107
0.000000, 1.792591, 0.000000, 0.000000
0.950665, 0.000000, 0.707121, 0.707107
0.000000, -268.888672, -28.484837, -28.284271

+0.0.0.410 INF <Program.cpp:198> Program: Model Matrix:
10.000000, 0.000000, 0.000000, 0.000000
0.000000, 10.000000, 0.000000, 0.000000
0.000000, 0.000000, 10.000000, 0.000000
0.000000, 0.000000, 0.000000, 1.000000

+0.0.0.410 INF <Program.cpp:206> Program: Model/View/Projection Matrix:
-9.506651, 0.000000, 7.071208, 7.071068
0.000000, 17.925911, 0.000000, 0.000000
9.506651, 0.000000, 7.071208, 7.071068
0.000000, -268.888672, -28.484837, -28.284271

+0.0.0.427 INF <Program.cpp:164> Program: View Matrix:
-0.707107, 0.000000, -0.707107, 0.000000
0.000000, 1.000000, -0.000000, 0.000000
0.707107, -0.000000, -0.707107, 0.000000
-0.000000, -150.000000, 28.284271, 1.000000

+0.0.0.427 INF <Program.cpp:170> Program: Projection Matrix:
1.344443, 0.000000, 0.000000, 0.000000
0.000000, 1.792591, 0.000000, 0.000000
0.000000, 0.000000, -1.000020, -1.000000
0.000000, 0.000000, -0.200002, 0.000000

+0.0.0.427 INF <Program.cpp:176> Program: View/Projection Matrix:
-0.950665, 0.000000, 0.707121, 0.707107
0.000000, 1.792591, 0.000000, 0.000000
0.950665, 0.000000, 0.707121, 0.707107
0.000000, -268.888672, -28.484837, -28.284271

+0.0.0.427 INF <Program.cpp:198> Program: Model Matrix:
10.000000, 0.000000, 0.000000, 0.000000
0.000000, 10.000000, 0.000000, 0.000000
0.000000, 0.000000, 10.000000, 0.000000
0.000000, 0.000000, 0.000000, 1.000000

+0.0.0.427 INF <Program.cpp:206> Program: Model/View/Projection Matrix:
-9.506651, 0.000000, 7.071208, 7.071068
0.000000, 17.925911, 0.000000, 0.000000
9.506651, 0.000000, 7.071208, 7.071068
0.000000, -268.888672, -28.484837, -28.284271

+0.0.0.443 INF <Program.cpp:164> Program: View Matrix:
-0.707107, 0.000000, -0.707107, 0.000000
0.000000, 1.000000, -0.000000, 0.000000
0.707107, -0.000000, -0.707107, 0.000000
-0.000000, -150.000000, 28.284271, 1.000000

+0.0.0.443 INF <Program.cpp:170> Program: Projection Matrix:
1.344443, 0.000000, 0.000000, 0.000000
0.000000, 1.792591, 0.000000, 0.000000
0.000000, 0.000000, -1.000020, -1.000000
0.000000, 0.000000, -0.200002, 0.000000

+0.0.0.443 INF <Program.cpp:176> Program: View/Projection Matrix:
-0.950665, 0.000000, 0.707121, 0.707107
0.000000, 1.792591, 0.000000, 0.000000
0.950665, 0.000000, 0.707121, 0.707107
0.000000, -268.888672, -28.484837, -28.284271

+0.0.0.443 INF <Program.cpp:198> Program: Model Matrix:
10.000000, 0.000000, 0.000000, 0.000000
0.000000, 10.000000, 0.000000, 0.000000
0.000000, 0.000000, 10.000000, 0.000000
0.000000, 0.000000, 0.000000, 1.000000

+0.0.0.443 INF <Program.cpp:206> Program: Model/View/Projection Matrix:
-9.506651, 0.000000, 7.071208, 7.071068
0.000000, 17.925911, 0.000000, 0.000000
9.506651, 0.000000, 7.071208, 7.071068
0.000000, -268.888672, -28.484837, -28.284271

+0.0.0.460 INF <Program.cpp:164> Program: View Matrix:
-0.707107, 0.000000, -0.707107, 0.000000
0.000000, 1.000000, -0.000000, 0.000000
0.707107, -0.000000, -0.707107, 0.000000
-0.000000, -150.000000, 28.284271, 1.000000

+0.0.0.460 INF <Program.cpp:170> Program: Projection Matrix:
1.344443, 0.000000, 0.000000, 0.000000
0.000000, 1.792591, 0.000000, 0.000000
0.000000, 0.000000, -1.000020, -1.000000
0.000000, 0.000000, -0.200002, 0.000000

+0.0.0.460 INF <Program.cpp:176> Program: View/Projection Matrix:
-0.950665, 0.000000, 0.707121, 0.707107
0.000000, 1.792591, 0.000000, 0.000000
0.950665, 0.000000, 0.707121, 0.707107
0.000000, -268.888672, -28.484837, -28.284271

+0.0.0.460 INF <Program.cpp:198> Program: Model Matrix:
10.000000, 0.000000, 0.000000, 0.000000
0.000000, 10.000000, 0.000000, 0.000000
0.000000, 0.000000, 10.000000, 0.000000
0.000000, 0.000000, 0.000000, 1.000000

+0.0.0.460 INF <Program.cpp:206> Program: Model/View/Projection Matrix:
-9.506651, 0.000000, 7.071208, 7.071068
0.000000, 17.925911, 0.000000, 0.000000
9.506651, 0.000000, 7.071208, 7.071068
0.000000, -268.888672, -28.484837, -28.284271

+0.0.0.476 INF <Program.cpp:164> Program: View Matrix:
-0.707107, 0.000000, -0.707107, 0.000000
0.000000, 1.000000, -0.000000, 0.000000
0.707107, -0.000000, -0.707107, 0.000000
-0.000000, -150.000000, 28.284271, 1.000000

+0.0.0.476 INF <Program.cpp:170> Program: Projection Matrix:
1.344443, 0.000000, 0.000000, 0.000000
0.000000, 1.792591, 0.000000, 0.000000
0.000000, 0.000000, -1.000020, -1.000000
0.000000, 0.000000, -0.200002, 0.000000

+0.0.0.476 INF <Program.cpp:176> Program: View/Projection Matrix:
-0.950665, 0.000000, 0.707121, 0.707107
0.000000, 1.792591, 0.000000, 0.000000
0.950665, 0.000000, 0.707121, 0.707107
0.000000, -268.888672, -28.484837, -28.284271

+0.0.0.476 INF <Program.cpp:198> Program: Model Matrix:
10.000000, 0.000000, 0.000000, 0.000000
0.000000, 10.000000, 0.000000, 0.000000
0.000000, 0.000000, 10.000000, 0.000000
0.000000, 0.000000, 0.000000, 1.000000

+0.0.0.476 INF <Program.cpp:206> Program: Model/View/Projection Matrix:
-9.506651, 0.000000, 7.071208, 7.071068
0.000000, 17.925911, 0.000000, 0.000000
9.506651, 0.000000, 7.071208, 7.071068
0.000000, -268.888672, -28.484837, -28.284271

+0.0.0.493 INF <Program.cpp:164> Program: View Matrix:
-0.707107, 0.000000, -0.707107, 0.000000
0.000000, 1.000000, -0.000000, 0.000000
0.707107, -0.000000, -0.707107, 0.000000
-0.000000, -150.000000, 28.284271, 1.000000

+0.0.0.493 INF <Program.cpp:170> Program: Projection Matrix:
1.344443, 0.000000, 0.000000, 0.000000
0.000000, 1.792591, 0.000000, 0.000000
0.000000, 0.000000, -1.000020, -1.000000
0.000000, 0.000000, -0.200002, 0.000000

+0.0.0.493 INF <Program.cpp:176> Program: View/Projection Matrix:
-0.950665, 0.000000, 0.707121, 0.707107
0.000000, 1.792591, 0.000000, 0.000000
0.950665, 0.000000, 0.707121, 0.707107
0.000000, -268.888672, -28.484837, -28.284271

+0.0.0.493 INF <Program.cpp:198> Program: Model Matrix:
10.000000, 0.000000, 0.000000, 0.000000
0.000000, 10.000000, 0.000000, 0.000000
0.000000, 0.000000, 10.000000, 0.000000
0.000000, 0.000000, 0.000000, 1.000000

+0.0.0.493 INF <Program.cpp:206> Program: Model/View/Projection Matrix:
-9.506651, 0.000000, 7.071208, 7.071068
0.000000, 17.925911, 0.000000, 0.000000
9.506651, 0.000000, 7.071208, 7.071068
0.000000, -268.888672, -28.484837, -28.284271

+0.0.0.510 INF <Program.cpp:164> Program: View Matrix:
-0.707107, 0.000000, -0.707107, 0.000000
0.000000, 1.000000, -0.000000, 0.000000
0.707107, -0.000000, -0.707107, 0.000000
-0.000000, -150.000000, 28.284271, 1.000000

+0.0.0.510 INF <Program.cpp:170> Program: Projection Matrix:
1.344443, 0.000000, 0.000000, 0.000000
0.000000, 1.792591, 0.000000, 0.000000
0.000000, 0.000000, -1.000020, -1.000000
0.000000, 0.000000, -0.200002, 0.000000

+0.0.0.510 INF <Program.cpp:176> Program: View/Projection Matrix:
-0.950665, 0.000000, 0.707121, 0.707107
0.000000, 1.792591, 0.000000, 0.000000
0.950665, 0.000000, 0.707121, 0.707107
0.000000, -268.888672, -28.484837, -28.284271

+0.0.0.510 INF <Program.cpp:198> Program: Model Matrix:
10.000000, 0.000000, 0.000000, 0.000000
0.000000, 10.000000, 0.000000, 0.000000
0.000000, 0.000000, 10.000000, 0.000000
0.000000, 0.000000, 0.000000, 1.000000

+0.0.0.510 INF <Program.cpp:206> Program: Model/View/Projection Matrix:
-9.506651, 0.000000, 7.071208, 7.071068
0.000000, 17.925911, 0.000000, 0.000000
9.506651, 0.000000, 7.071208, 7.071068
0.000000, -268.888672, -28.484837, -28.284271

+0.0.0.526 INF <Program.cpp:164> Program: View Matrix:
-0.707107, 0.000000, -0.707107, 0.000000
0.000000, 1.000000, -0.000000, 0.000000
0.707107, -0.000000, -0.707107, 0.000000
-0.000000, -150.000000, 28.284271, 1.000000

+0.0.0.526 INF <Program.cpp:170> Program: Projection Matrix:
1.344443, 0.000000, 0.000000, 0.000000
0.000000, 1.792591, 0.000000, 0.000000
0.000000, 0.000000, -1.000020, -1.000000
0.000000, 0.000000, -0.200002, 0.000000

+0.0.0.526 INF <Program.cpp:176> Program: View/Projection Matrix:
-0.950665, 0.000000, 0.707121, 0.707107
0.000000, 1.792591, 0.000000, 0.000000
0.950665, 0.000000, 0.707121, 0.707107
0.000000, -268.888672, -28.484837, -28.284271

+0.0.0.526 INF <Program.cpp:198> Program: Model Matrix:
10.000000, 0.000000, 0.000000, 0.000000
0.000000, 10.000000, 0.000000, 0.000000
0.000000, 0.000000, 10.000000, 0.000000
0.000000, 0.000000, 0.000000, 1.000000

+0.0.0.526 INF <Program.cpp:206> Program: Model/View/Projection Matrix:
-9.506651, 0.000000, 7.071208, 7.071068
0.000000, 17.925911, 0.000000, 0.000000
9.506651, 0.000000, 7.071208, 7.071068
0.000000, -268.888672, -28.484837, -28.284271

+0.0.0.543 INF <Program.cpp:164> Program: View Matrix:
-0.707107, 0.000000, -0.707107, 0.000000
0.000000, 1.000000, -0.000000, 0.000000
0.707107, -0.000000, -0.707107, 0.000000
-0.000000, -150.000000, 28.284271, 1.000000

+0.0.0.543 INF <Program.cpp:170> Program: Projection Matrix:
1.344443, 0.000000, 0.000000, 0.000000
0.000000, 1.792591, 0.000000, 0.000000
0.000000, 0.000000, -1.000020, -1.000000
0.000000, 0.000000, -0.200002, 0.000000

+0.0.0.543 INF <Program.cpp:176> Program: View/Projection Matrix:
-0.950665, 0.000000, 0.707121, 0.707107
0.000000, 1.792591, 0.000000, 0.000000
0.950665, 0.000000, 0.707121, 0.707107
0.000000, -268.888672, -28.484837, -28.284271

+0.0.0.543 INF <Program.cpp:198> Program: Model Matrix:
10.000000, 0.000000, 0.000000, 0.000000
0.000000, 10.000000, 0.000000, 0.000000
0.000000, 0.000000, 10.000000, 0.000000
0.000000, 0.000000, 0.000000, 1.000000

+0.0.0.543 INF <Program.cpp:206> Program: Model/View/Projection Matrix:
-9.506651, 0.000000, 7.071208, 7.071068
0.000000, 17.925911, 0.000000, 0.000000
9.506651, 0.000000, 7.071208, 7.071068
0.000000, -268.888672, -28.484837, -28.284271

+0.0.0.559 INF <Program.cpp:164> Program: View Matrix:
-0.707107, 0.000000, -0.707107, 0.000000
0.000000, 1.000000, -0.000000, 0.000000
0.707107, -0.000000, -0.707107, 0.000000
-0.000000, -150.000000, 28.284271, 1.000000

+0.0.0.559 INF <Program.cpp:170> Program: Projection Matrix:
1.344443, 0.000000, 0.000000, 0.000000
0.000000, 1.792591, 0.000000, 0.000000
0.000000, 0.000000, -1.000020, -1.000000
0.000000, 0.000000, -0.200002, 0.000000

+0.0.0.560 INF <Program.cpp:176> Program: View/Projection Matrix:
-0.950665, 0.000000, 0.707121, 0.707107
0.000000, 1.792591, 0.000000, 0.000000
0.950665, 0.000000, 0.707121, 0.707107
0.000000, -268.888672, -28.484837, -28.284271

+0.0.0.560 INF <Program.cpp:198> Program: Model Matrix:
10.000000, 0.000000, 0.000000, 0.000000
0.000000, 10.000000, 0.000000, 0.000000
0.000000, 0.000000, 10.000000, 0.000000
0.000000, 0.000000, 0.000000, 1.000000

+0.0.0.560 INF <Program.cpp:206> Program: Model/View/Projection Matrix:
-9.506651, 0.000000, 7.071208, 7.071068
0.000000, 17.925911, 0.000000, 0.000000
9.506651, 0.000000, 7.071208, 7.071068
0.000000, -268.888672, -28.484837, -28.284271

+0.0.0.576 INF <Program.cpp:164> Program: View Matrix:
-0.707107, 0.000000, -0.707107, 0.000000
0.000000, 1.000000, -0.000000, 0.000000
0.707107, -0.000000, -0.707107, 0.000000
-0.000000, -150.000000, 28.284271, 1.000000

+0.0.0.576 INF <Program.cpp:170> Program: Projection Matrix:
1.344443, 0.000000, 0.000000, 0.000000
0.000000, 1.792591, 0.000000, 0.000000
0.000000, 0.000000, -1.000020, -1.000000
0.000000, 0.000000, -0.200002, 0.000000

+0.0.0.576 INF <Program.cpp:176> Program: View/Projection Matrix:
-0.950665, 0.000000, 0.707121, 0.707107
0.000000, 1.792591, 0.000000, 0.000000
0.950665, 0.000000, 0.707121, 0.707107
0.000000, -268.888672, -28.484837, -28.284271

+0.0.0.576 INF <Program.cpp:198> Program: Model Matrix:
10.000000, 0.000000, 0.000000, 0.000000
0.000000, 10.000000, 0.000000, 0.000000
0.000000, 0.000000, 10.000000, 0.000000
0.000000, 0.000000, 0.000000, 1.000000

+0.0.0.576 INF <Program.cpp:206> Program: Model/View/Projection Matrix:
-9.506651, 0.000000, 7.071208, 7.071068
0.000000, 17.925911, 0.000000, 0.000000
9.506651, 0.000000, 7.071208, 7.071068
0.000000, -268.888672, -28.484837, -28.284271

+0.0.0.593 INF <Program.cpp:164> Program: View Matrix:
-0.707107, 0.000000, -0.707107, 0.000000
0.000000, 1.000000, -0.000000, 0.000000
0.707107, -0.000000, -0.707107, 0.000000
-0.000000, -150.000000, 28.284271, 1.000000

+0.0.0.593 INF <Program.cpp:170> Program: Projection Matrix:
1.344443, 0.000000, 0.000000, 0.000000
0.000000, 1.792591, 0.000000, 0.000000
0.000000, 0.000000, -1.000020, -1.000000
0.000000, 0.000000, -0.200002, 0.000000

+0.0.0.593 INF <Program.cpp:176> Program: View/Projection Matrix:
-0.950665, 0.000000, 0.707121, 0.707107
0.000000, 1.792591, 0.000000, 0.000000
0.950665, 0.000000, 0.707121, 0.707107
0.000000, -268.888672, -28.484837, -28.284271

+0.0.0.593 INF <Program.cpp:198> Program: Model Matrix:
10.000000, 0.000000, 0.000000, 0.000000
0.000000, 10.000000, 0.000000, 0.000000
0.000000, 0.000000, 10.000000, 0.000000
0.000000, 0.000000, 0.000000, 1.000000

+0.0.0.593 INF <Program.cpp:206> Program: Model/View/Projection Matrix:
-9.506651, 0.000000, 7.071208, 7.071068
0.000000, 17.925911, 0.000000, 0.000000
9.506651, 0.000000, 7.071208, 7.071068
0.000000, -268.888672, -28.484837, -28.284271

+0.0.0.609 INF <Program.cpp:164> Program: View Matrix:
-0.707107, 0.000000, -0.707107, 0.000000
0.000000, 1.000000, -0.000000, 0.000000
0.707107, -0.000000, -0.707107, 0.000000
-0.000000, -150.000000, 28.284271, 1.000000

+0.0.0.609 INF <Program.cpp:170> Program: Projection Matrix:
1.344443, 0.000000, 0.000000, 0.000000
0.000000, 1.792591, 0.000000, 0.000000
0.000000, 0.000000, -1.000020, -1.000000
0.000000, 0.000000, -0.200002, 0.000000

+0.0.0.609 INF <Program.cpp:176> Program: View/Projection Matrix:
-0.950665, 0.000000, 0.707121, 0.707107
0.000000, 1.792591, 0.000000, 0.000000
0.950665, 0.000000, 0.707121, 0.707107
0.000000, -268.888672, -28.484837, -28.284271

+0.0.0.609 INF <Program.cpp:198> Program: Model Matrix:
10.000000, 0.000000, 0.000000, 0.000000
0.000000, 10.000000, 0.000000, 0.000000
0.000000, 0.000000, 10.000000, 0.000000
0.000000, 0.000000, 0.000000, 1.000000

+0.0.0.609 INF <Program.cpp:206> Program: Model/View/Projection Matrix:
-9.506651, 0.000000, 7.071208, 7.071068
0.000000, 17.925911, 0.000000, 0.000000
9.506651, 0.000000, 7.071208, 7.071068
0.000000, -268.888672, -28.484837, -28.284271

+0.0.0.626 INF <Program.cpp:164> Program: View Matrix:
-0.707107, 0.000000, -0.707107, 0.000000
0.000000, 1.000000, -0.000000, 0.000000
0.707107, -0.000000, -0.707107, 0.000000
-0.000000, -150.000000, 28.284271, 1.000000

+0.0.0.626 INF <Program.cpp:170> Program: Projection Matrix:
1.344443, 0.000000, 0.000000, 0.000000
0.000000, 1.792591, 0.000000, 0.000000
0.000000, 0.000000, -1.000020, -1.000000
0.000000, 0.000000, -0.200002, 0.000000

+0.0.0.626 INF <Program.cpp:176> Program: View/Projection Matrix:
-0.950665, 0.000000, 0.707121, 0.707107
0.000000, 1.792591, 0.000000, 0.000000
0.950665, 0.000000, 0.707121, 0.707107
0.000000, -268.888672, -28.484837, -28.284271

+0.0.0.626 INF <Program.cpp:198> Program: Model Matrix:
10.000000, 0.000000, 0.000000, 0.000000
0.000000, 10.000000, 0.000000, 0.000000
0.000000, 0.000000, 10.000000, 0.000000
0.000000, 0.000000, 0.000000, 1.000000

+0.0.0.626 INF <Program.cpp:206> Program: Model/View/Projection Matrix:
-9.506651, 0.000000, 7.071208, 7.071068
0.000000, 17.925911, 0.000000, 0.000000
9.506651, 0.000000, 7.071208, 7.071068
0.000000, -268.888672, -28.484837, -28.284271

+0.0.0.643 INF <Program.cpp:164> Program: View Matrix:
-0.707107, 0.000000, -0.707107, 0.000000
